{
 "cells": [
  {
   "cell_type": "code",
   "execution_count": 11,
   "metadata": {
    "collapsed": true
   },
   "outputs": [],
   "source": [
    "#import data\n",
    "import csv\n",
    "import numpy as np\n",
    "data = []\n",
    "with open('clusters.txt') as csvfile:\n",
    "    points = csv.reader(csvfile,delimiter=',')\n",
    "    for point_str in points:\n",
    "        data.append([float(point_str[0]),float(point_str[1])])"
   ]
  },
  {
   "cell_type": "code",
   "execution_count": 12,
   "metadata": {
    "collapsed": false
   },
   "outputs": [],
   "source": [
    "#kmeans result\n",
    "kmeans_result = []\n",
    "with open('kmeans_result') as csvfile:\n",
    "    points = csv.reader(csvfile,delimiter=',')\n",
    "    for point_str in points:\n",
    "        kmeans_result.append([float(point_str[0]),float(point_str[1]),float(point_str[2])])\n",
    "kmeans_result=np.array(kmeans_result)"
   ]
  },
  {
   "cell_type": "code",
   "execution_count": 13,
   "metadata": {
    "collapsed": false,
    "scrolled": true
   },
   "outputs": [],
   "source": [
    "#recentralize mean to (0,0)\n",
    "\n",
    "x_mean=np.mean(np.array(kmeans_result)[:,0])\n",
    "y_mean=np.mean(np.array(kmeans_result)[:,1])\n",
    "\n",
    "kmeans_result[:,0]=kmeans_result[:,0] - x_mean\n",
    "kmeans_result[:,1]=kmeans_result[:,1] - y_mean\n",
    "\n",
    "data = np.array(data)\n",
    "data[:,0]=data[:,0]-x_mean\n",
    "data[:,1]=data[:,1]-y_mean"
   ]
  },
  {
   "cell_type": "code",
   "execution_count": 14,
   "metadata": {
    "collapsed": true
   },
   "outputs": [],
   "source": [
    "#initialize clusters according to kmeans result\n",
    "cluster0=[]\n",
    "cluster1=[]\n",
    "cluster2=[]\n",
    "for record in kmeans_result:\n",
    "    if record[2] == 0:\n",
    "        cluster0.append(record[0:2])\n",
    "    if record[2] == 1:\n",
    "        cluster1.append(record[0:2])\n",
    "    if record[2] == 2:\n",
    "        cluster2.append(record[0:2])\n",
    "\n",
    "#covert list to array object\n",
    "cluster0 = np.array(cluster0)\n",
    "cluster1 = np.array(cluster1)\n",
    "cluster2 = np.array(cluster2)\n",
    "\n",
    "#get initial gaussian parameters\n",
    "\n",
    "#calculate mean_of each cluster\n",
    "mean_cluster0 = np.mean(cluster0,axis=0)\n",
    "mean_cluster1 = np.mean(cluster1,axis=0)\n",
    "mean_cluster2 = np.mean(cluster2,axis=0)\n",
    "#calculate covariance_of each cluster\n",
    "cov_cluster0 = np.cov(cluster0.T)\n",
    "cov_cluster1 = np.cov(cluster1.T)\n",
    "cov_cluster2 = np.cov(cluster2.T)"
   ]
  },
  {
   "cell_type": "code",
   "execution_count": 15,
   "metadata": {
    "collapsed": false
   },
   "outputs": [],
   "source": [
    "#calculate gaussian model\n",
    "def gaussian_model(mean,cov,x):\n",
    "    return np.linalg.det(cov)**(-0.5)*np.exp(-0.5*np.array(x-mean).dot(np.linalg.inv(cov)).dot(np.array(x-mean).T))"
   ]
  },
  {
   "cell_type": "code",
   "execution_count": 16,
   "metadata": {
    "collapsed": false,
    "scrolled": true
   },
   "outputs": [
    {
     "data": {
      "text/plain": [
       "array([[  5.83267996e-06,   3.72523157e-11,   9.99994167e-01],\n",
       "       [  1.86745846e-06,   9.82433392e-12,   9.99998133e-01],\n",
       "       [  8.49362059e-03,   1.55791441e-06,   9.91504822e-01],\n",
       "       [  1.58873987e-06,   1.60374443e-11,   9.99998411e-01],\n",
       "       [  1.97138457e-02,   1.52287269e-06,   9.80284631e-01],\n",
       "       [  9.87551213e-01,   1.18394720e-02,   6.09315478e-04],\n",
       "       [  1.87301515e-01,   2.30516897e-04,   8.12467968e-01],\n",
       "       [  9.63330331e-01,   2.94623820e-02,   7.20728708e-03],\n",
       "       [  7.77306323e-03,   1.51277752e-07,   9.92226785e-01],\n",
       "       [  9.80396532e-01,   1.93938329e-02,   2.09634911e-04],\n",
       "       [  6.04212783e-02,   2.13717738e-05,   9.39557350e-01],\n",
       "       [  9.31381242e-01,   7.72107253e-03,   6.08976859e-02],\n",
       "       [  9.67672106e-01,   3.23278881e-02,   5.84828980e-09],\n",
       "       [  9.85003301e-01,   1.45898792e-02,   4.06820116e-04],\n",
       "       [  1.68385819e-02,   1.03442374e-05,   9.83151074e-01],\n",
       "       [  9.83984050e-01,   2.51848875e-04,   1.57641016e-02],\n",
       "       [  1.14920493e-04,   4.20696291e-09,   9.99885075e-01],\n",
       "       [  1.07093528e-03,   9.22337465e-09,   9.98929055e-01],\n",
       "       [  2.32220525e-01,   5.24903971e-05,   7.67726985e-01],\n",
       "       [  9.84710554e-01,   1.90327790e-03,   1.33861684e-02],\n",
       "       [  6.17549523e-04,   1.68056401e-08,   9.99382434e-01],\n",
       "       [  7.30675411e-01,   3.55929531e-04,   2.68968659e-01],\n",
       "       [  9.99138411e-01,   8.23517030e-04,   3.80720226e-05],\n",
       "       [  4.59510542e-06,   1.38469351e-10,   9.99995405e-01],\n",
       "       [  3.18218747e-03,   8.42357967e-07,   9.96816970e-01],\n",
       "       [  9.83400174e-01,   1.63295457e-02,   2.70280040e-04],\n",
       "       [  2.61409390e-01,   5.00230609e-04,   7.38090379e-01],\n",
       "       [  1.70764669e-03,   2.54934129e-08,   9.98292328e-01],\n",
       "       [  9.64689252e-01,   4.46289724e-04,   3.48644583e-02],\n",
       "       [  8.99516789e-01,   1.00483186e-01,   2.44545306e-08],\n",
       "       [  1.57376026e-06,   1.58025848e-11,   9.99998426e-01],\n",
       "       [  1.69679170e-01,   4.78112710e-04,   8.29842717e-01],\n",
       "       [  7.24051114e-02,   2.29438335e-05,   9.27571945e-01],\n",
       "       [  1.15582458e-02,   6.23341086e-07,   9.88441131e-01],\n",
       "       [  7.14140182e-01,   2.23359325e-03,   2.83626225e-01],\n",
       "       [  3.08294111e-02,   1.00011369e-05,   9.69160588e-01],\n",
       "       [  9.96798899e-01,   1.63420814e-03,   1.56689281e-03],\n",
       "       [  6.01741281e-05,   1.52567372e-09,   9.99939824e-01],\n",
       "       [  9.66980700e-04,   3.00972481e-09,   9.99033016e-01],\n",
       "       [  8.09000248e-01,   3.17205932e-05,   1.90968031e-01],\n",
       "       [  9.23402147e-02,   5.24911278e-06,   9.07654536e-01],\n",
       "       [  8.16082664e-03,   2.09194195e-06,   9.91837081e-01],\n",
       "       [  4.47122607e-01,   4.88538852e-04,   5.52388854e-01],\n",
       "       [  8.40801782e-04,   2.17264437e-08,   9.99159176e-01],\n",
       "       [  2.81401476e-02,   1.59319465e-05,   9.71843920e-01],\n",
       "       [  9.85827197e-01,   1.40672422e-02,   1.05560781e-04],\n",
       "       [  1.28360584e-02,   1.53842042e-06,   9.87162403e-01],\n",
       "       [  1.21902822e-04,   2.06083222e-09,   9.99878095e-01],\n",
       "       [  1.68176554e-02,   8.54055766e-06,   9.83173804e-01],\n",
       "       [  8.14640115e-02,   1.35549012e-05,   9.18522434e-01],\n",
       "       [  1.51879431e-04,   6.16802100e-09,   9.99848114e-01],\n",
       "       [  4.60211717e-03,   4.01240025e-07,   9.95397482e-01],\n",
       "       [  6.29092402e-03,   4.68969106e-07,   9.93708607e-01],\n",
       "       [  1.59806871e-05,   3.03663287e-10,   9.99984019e-01],\n",
       "       [  7.09572182e-02,   2.94513869e-06,   9.29039837e-01],\n",
       "       [  2.70127046e-06,   4.00939902e-11,   9.99997299e-01],\n",
       "       [  1.80794617e-04,   1.21713843e-08,   9.99819193e-01],\n",
       "       [  2.36224770e-02,   1.49104827e-06,   9.76376032e-01],\n",
       "       [  8.00888855e-04,   1.90112475e-08,   9.99199092e-01],\n",
       "       [  1.11653352e-03,   8.39568937e-08,   9.98883383e-01],\n",
       "       [  4.66181098e-04,   1.21288871e-08,   9.99533807e-01],\n",
       "       [  1.26675809e-02,   1.15606688e-06,   9.87331263e-01],\n",
       "       [  1.68074765e-03,   2.33862077e-07,   9.98319018e-01],\n",
       "       [  4.40346437e-02,   7.84199726e-06,   9.55957514e-01],\n",
       "       [  4.57103088e-03,   2.05799179e-07,   9.95428763e-01],\n",
       "       [  7.64478177e-04,   2.94005151e-08,   9.99235492e-01],\n",
       "       [  3.12317286e-02,   1.16099392e-05,   9.68756661e-01],\n",
       "       [  1.88080177e-04,   6.01417535e-09,   9.99811914e-01],\n",
       "       [  2.49905674e-04,   1.16469721e-08,   9.99750083e-01],\n",
       "       [  6.99596736e-04,   3.78985255e-08,   9.99300365e-01],\n",
       "       [  5.60683247e-02,   1.03472483e-05,   9.43921328e-01],\n",
       "       [  8.19733415e-04,   4.16118824e-08,   9.99180225e-01],\n",
       "       [  6.49534316e-04,   3.59064825e-08,   9.99350430e-01],\n",
       "       [  2.02276016e-04,   9.31695902e-09,   9.99797715e-01],\n",
       "       [  6.31069813e-03,   2.20383694e-06,   9.93687098e-01],\n",
       "       [  4.21705574e-03,   4.60542322e-07,   9.95782484e-01],\n",
       "       [  3.83879408e-03,   8.25879028e-08,   9.96161123e-01],\n",
       "       [  3.90240606e-03,   5.81392323e-08,   9.96097536e-01],\n",
       "       [  3.21405632e-04,   2.80891229e-09,   9.99678592e-01],\n",
       "       [  8.81146155e-03,   2.21349953e-06,   9.91186325e-01],\n",
       "       [  1.17539212e-04,   2.13487264e-09,   9.99882459e-01],\n",
       "       [  1.14886753e-02,   1.65580848e-06,   9.88509669e-01],\n",
       "       [  2.49123075e-02,   2.75118277e-06,   9.75084941e-01],\n",
       "       [  1.15060295e-03,   1.14797546e-08,   9.98849386e-01],\n",
       "       [  4.41798164e-04,   5.38645520e-08,   9.99558148e-01],\n",
       "       [  2.17171041e-03,   1.64977003e-07,   9.97828125e-01],\n",
       "       [  2.23223444e-03,   3.90879636e-07,   9.97767375e-01],\n",
       "       [  5.99491121e-04,   3.22141134e-08,   9.99400477e-01],\n",
       "       [  1.30626139e-01,   1.32209077e-05,   8.69360641e-01],\n",
       "       [  3.46539423e-05,   5.08541727e-10,   9.99965346e-01],\n",
       "       [  3.48451832e-05,   1.11486554e-09,   9.99965154e-01],\n",
       "       [  1.93348859e-03,   1.02673643e-07,   9.98066409e-01],\n",
       "       [  6.63693885e-05,   6.23408165e-10,   9.99933630e-01],\n",
       "       [  3.81114551e-04,   1.47076128e-08,   9.99618871e-01],\n",
       "       [  1.22105276e-02,   8.49899478e-07,   9.87788622e-01],\n",
       "       [  1.34720357e-03,   3.12971333e-08,   9.98652765e-01],\n",
       "       [  4.83270285e-03,   3.68764581e-07,   9.95166928e-01],\n",
       "       [  7.64961163e-05,   9.62390327e-10,   9.99923503e-01],\n",
       "       [  9.72998709e-04,   2.53713345e-08,   9.99026976e-01],\n",
       "       [  6.12924910e-04,   2.75238662e-08,   9.99387048e-01],\n",
       "       [  8.32869963e-01,   1.67129392e-01,   6.45530075e-07],\n",
       "       [  5.99867538e-02,   9.40013246e-01,   4.43927847e-12],\n",
       "       [  2.47572922e-02,   9.75242708e-01,   1.61820304e-10],\n",
       "       [  2.14023733e-02,   9.78597625e-01,   1.89894232e-09],\n",
       "       [  1.11295892e-03,   9.98887041e-01,   2.58171155e-16],\n",
       "       [  4.06454478e-03,   9.95935455e-01,   2.01710625e-14],\n",
       "       [  1.40316640e-03,   9.98596834e-01,   4.97227525e-15],\n",
       "       [  8.71179640e-08,   9.99999913e-01,   1.56630580e-21],\n",
       "       [  4.17503827e-04,   9.99582496e-01,   3.38984125e-17],\n",
       "       [  9.84999348e-04,   9.99015001e-01,   1.37694592e-16],\n",
       "       [  8.00874777e-05,   9.99919913e-01,   2.10570667e-15],\n",
       "       [  7.34064986e-02,   9.26593500e-01,   1.58163157e-09],\n",
       "       [  3.24412663e-01,   6.75587335e-01,   2.71533025e-09],\n",
       "       [  1.50635328e-05,   9.99984936e-01,   4.79761328e-20],\n",
       "       [  6.88084962e-01,   3.11907931e-01,   7.10715167e-06],\n",
       "       [  6.85090847e-02,   9.31490913e-01,   2.66419760e-09],\n",
       "       [  3.79105123e-05,   9.99962089e-01,   7.96905241e-19],\n",
       "       [  9.94112179e-05,   9.99900589e-01,   1.38799881e-17],\n",
       "       [  9.64221701e-01,   3.57770769e-02,   1.22209810e-06],\n",
       "       [  9.95278303e-01,   4.72092471e-03,   7.72056247e-07],\n",
       "       [  3.72218289e-01,   6.27781706e-01,   4.72045730e-09],\n",
       "       [  1.82103516e-04,   9.99817896e-01,   4.29480951e-14],\n",
       "       [  8.78127594e-01,   1.18935081e-01,   2.93732512e-03],\n",
       "       [  1.46149572e-01,   8.53850423e-01,   4.46100703e-09],\n",
       "       [  2.33781995e-02,   9.76621801e-01,   2.21400907e-12],\n",
       "       [  9.83406391e-08,   9.99999902e-01,   1.40093486e-27],\n",
       "       [  3.46489392e-01,   6.53506553e-01,   4.05430887e-06],\n",
       "       [  3.42714880e-02,   9.65728511e-01,   1.23560939e-09],\n",
       "       [  9.91180261e-01,   8.81807702e-03,   1.66194742e-06],\n",
       "       [  4.03717453e-01,   5.96282044e-01,   5.03310419e-07],\n",
       "       [  1.54295732e-01,   8.45704248e-01,   1.94689130e-08],\n",
       "       [  9.74076176e-01,   2.31735170e-02,   2.75030691e-03],\n",
       "       [  4.47860076e-02,   9.55213992e-01,   9.50212864e-11],\n",
       "       [  4.98859238e-01,   5.01140682e-01,   7.96722071e-08],\n",
       "       [  2.20680787e-04,   9.99779319e-01,   4.00281635e-16],\n",
       "       [  1.79824679e-01,   8.20175321e-01,   3.17844368e-10],\n",
       "       [  5.65951672e-06,   9.99994340e-01,   4.33987010e-20],\n",
       "       [  3.00328719e-04,   9.99699671e-01,   1.54671843e-19],\n",
       "       [  7.80897543e-04,   9.99219102e-01,   3.97535112e-14],\n",
       "       [  6.43207017e-04,   9.99356793e-01,   2.85404781e-11],\n",
       "       [  1.22018482e-02,   9.87798152e-01,   1.24674142e-12],\n",
       "       [  7.02485756e-07,   9.99999298e-01,   1.77924275e-22],\n",
       "       [  6.57468965e-01,   3.42531023e-01,   1.16327943e-08],\n",
       "       [  8.43163422e-06,   9.99991568e-01,   8.25799770e-18],\n",
       "       [  9.48853684e-01,   5.11318713e-02,   1.44449782e-05],\n",
       "       [  4.72312407e-04,   9.99527688e-01,   7.56411178e-19],\n",
       "       [  3.42281331e-02,   9.65771867e-01,   2.09020562e-12],\n",
       "       [  8.35699648e-01,   1.64300133e-01,   2.18864520e-07],\n",
       "       [  9.87221060e-01,   1.09143749e-02,   1.86456484e-03],\n",
       "       [  2.26777510e-02,   9.77322248e-01,   8.21572091e-10]])"
      ]
     },
     "execution_count": 16,
     "metadata": {},
     "output_type": "execute_result"
    }
   ],
   "source": [
    "#initial rc:N*3 metrix\n",
    "initial_rc=[]\n",
    "for x in data:\n",
    "    temp=[]\n",
    "    denominator=gaussian_model(mean_cluster0,cov_cluster0,x)+gaussian_model(mean_cluster1,cov_cluster1,x)+gaussian_model(mean_cluster2,cov_cluster2,x)\n",
    "    temp.append(gaussian_model(mean_cluster0,cov_cluster0,x)/ denominator)\n",
    "    temp.append(gaussian_model(mean_cluster1,cov_cluster1,x)/ denominator)\n",
    "    temp.append(gaussian_model(mean_cluster2,cov_cluster2,x)/ denominator)\n",
    "    initial_rc.append(temp)\n",
    "initial_rc = np.array(initial_rc)\n",
    "initial_rc"
   ]
  },
  {
   "cell_type": "code",
   "execution_count": 33,
   "metadata": {
    "collapsed": true
   },
   "outputs": [],
   "source": [
    "#EM algorithm\n",
    "#We put M step first because we have done initial E-step outside the loop\n",
    "def EM(initial_rc,iterations=100):\n",
    "    rc=initial_rc\n",
    "    diff = 100\n",
    "    old = [-1]\n",
    "    while (iterations and diff > 1):\n",
    "        print \"iteration:\"+ str(iterations)\n",
    "        #M step\n",
    "        #calculate weighted data of each cluster(component) according to rc\n",
    "        c0_data=[]\n",
    "        c1_data=[]\n",
    "        c2_data=[]\n",
    "        for index,x in enumerate(data):\n",
    "            c0_data.append(np.array(x)*rc[:,0][index])\n",
    "            c1_data.append(np.array(x)*rc[:,1][index])\n",
    "            c2_data.append(np.array(x)*rc[:,2][index])\n",
    "        c0_data=np.array(c0_data)\n",
    "        c1_data=np.array(c1_data)\n",
    "        c2_data=np.array(c2_data)\n",
    "        mean_cluster0=np.mean(c0_data,axis=0)\n",
    "        mean_cluster1=np.mean(c1_data,axis=0)\n",
    "        mean_cluster2=np.mean(c2_data,axis=0)\n",
    "        cov_cluster0=np.cov(c0_data.T)\n",
    "        cov_cluster1=np.cov(c1_data.T)\n",
    "        cov_cluster2=np.cov(c2_data.T)\n",
    "        print cov_cluster2\n",
    "        \n",
    "        #calculate loglikelyhood\n",
    "        a = np.sum(rc,axis=0)/np.sum(rc)\n",
    "        loglh=0\n",
    "        for x in np.array(data):\n",
    "            log_temp=a[0]*gaussian_model(mean_cluster0,cov_cluster0,x)+a[1]*gaussian_model(mean_cluster1,cov_cluster1,x)+a[2]*gaussian_model(mean_cluster2,cov_cluster2,x)\n",
    "            loglh+=np.log(log_temp)\n",
    "        print \"log likelyhood: \"+str(loglh)\n",
    "        diff = abs(old.pop()-loglh)\n",
    "        old.append(loglh)\n",
    "        print \"log likelyhood diff : \"+str(diff)\n",
    "        iterations=iterations-1\n",
    "        \n",
    "        #E step\n",
    "        \n",
    "        #update rc\n",
    "        rc=[]\n",
    "        for x in np.array(data):\n",
    "            temp=[]\n",
    "            denominator=gaussian_model(mean_cluster0,cov_cluster0,x)+gaussian_model(mean_cluster1,cov_cluster1,x)+gaussian_model(mean_cluster2,cov_cluster2,x)\n",
    "            temp.append(gaussian_model(mean_cluster0,cov_cluster0,x)/ denominator)\n",
    "            temp.append(gaussian_model(mean_cluster1,cov_cluster1,x)/ denominator)\n",
    "            temp.append(gaussian_model(mean_cluster2,cov_cluster2,x)/ denominator)\n",
    "            rc.append(temp)\n",
    "        rc = np.array(rc)\n",
    "        "
   ]
  },
  {
   "cell_type": "code",
   "execution_count": null,
   "metadata": {
    "collapsed": true
   },
   "outputs": [],
   "source": []
  }
 ],
 "metadata": {
  "kernelspec": {
   "display_name": "Python 2",
   "language": "python",
   "name": "python2"
  },
  "language_info": {
   "codemirror_mode": {
    "name": "ipython",
    "version": 2
   },
   "file_extension": ".py",
   "mimetype": "text/x-python",
   "name": "python",
   "nbconvert_exporter": "python",
   "pygments_lexer": "ipython2",
   "version": "2.7.10"
  }
 },
 "nbformat": 4,
 "nbformat_minor": 0
}
